Original Matrix (Top-Left 5x5):
1       2       3       4       5
1001    1002    1003    1004    1005
2001    2002    2003    2004    2005
3001    3002    3003    3004    3005
4001    4002    4003    4004    4005

CPU Transposed Matrix (Top-Left 5x5):
1       1001    2001    3001    4001
2       1002    2002    3002    4002
3       1003    2003    3003    4003
4       1004    2004    3004    4004
5       1005    2005    3005    4005

GPU Transposed Matrix (Top-Left 5x5):
1       1001    2001    3001    4001
2       1002    2002    3002    4002
3       1003    2003    3003    4003
4       1004    2004    3004    4004
5       1005    2005    3005    4005

Validation: PASS
CPU Transpose Time: 6.054 ms
GPU Transpose Time: 0.733 ms
Speedup: 8.25921x